MLE
-19.0133668637
-19.0376755423
-19.0624702625
-19.0877542367
-19.1135309891
-19.1398043587
-19.1665785019
-19.1938578964
-19.2216473458
-19.2499519848
-19.2787772853
-19.3081290629
-19.3380134844
-19.3684370765
-19.3994067346
-19.430929733
-19.4630137358
-19.4956668089
-19.5288974325
-19.5627145158
-19.5971274111
-19.6321459308
-19.6677803647
-19.7040414984
-19.7409406341
-19.778489612
-19.8167008334
-19.8555872865
-19.8951625726
-19.9354409354
-19.9764372921
-20.0181672666
-20.0606472256
-20.1038943173
-20.1479265126
-20.1927626507
-20.2384224863
-20.2849267429
-20.3322971681
-20.3805565948
-20.4297290069
-20.4798396105
-20.5309149111
-20.5829827973
-20.6360726318
-20.6902153503
-20.7454435698
-20.8017917059
-20.8592961014
-20.9179951674
-20.9779295372
-21.0391422359
-21.1016788665
-21.1655878154
-21.2309204791
-21.2977315147
-21.3660791184
-21.436025334
-21.5076363972
-21.5809831197
-21.6561413192
-21.733192302
-21.8122234059
-21.8933286134
-21.9766092459
-22.0621747519
-22.1501436062
-22.2406443383
-22.3338167138
-22.4298130964
-22.5288000263
-22.6309600568
-22.7364939015
-22.8456229599
-22.9585923025
-23.0756742225
-23.1971724877
-23.323427468
-23.4548223649
-23.5917908439
-23.734826469
-23.884494482
-24.0414466684
-24.2064403441
-24.3803629303
-24.5642642335
-24.7593995582
-24.9672883772
-25.1897959032
-25.4292493259
-25.6886082595
-25.971723248
-26.2837439367
-26.6317959142
-27.0261736043
-27.4826132743
-28.0270982932
-28.7076182092
-29.6302272866
-31.1266988431